1.0750247107067565
1.1746791075670655
1.162514387268119
0.9871773000424477
0.9436403047411039
0.8165485286675978
0.6846317845452501
0.6414517105022115
0.9287582694402058
0.9224081031788687
0.8806247321677073
1.750360124163814
0.698519269352441
0.7132266887149334
0.7946381037002564
0.8540160769750296
0.862772556766995
0.5941614099180123
0.914443758908967
0.935486341605509
0.9585476830364363
0.7225544281654099
0.7225544281654099
0.7833751406058885
0.8578617044938579
1.07379318655152
1.124761275446599
0.6227465060306103
1.3601082990147868
1.7886406083178996
1.0489459910827155
0.9323404167840829
0.7172304886677099
0.8745838480684263
0.9756630205879134
0.5432232076392312
1.6570372953062702
0.8371608812404077
1.3862340148918404
0.9926287921619942
0.7387349615691259
0.7375701953671487
1.1205182933011935
0.6366526550781874
0.7305717290359309
0.7471987777725184
0.9151820718395309
0.8226342031216968
0.7327175511545416
0.6825989531199431
0.8954028305760015
0.6266802738456787
0.577026349146895
0.7368603916534939
0.7598353235471762
1.0671964831529845
0.8955191669712783
0.6968131967821356
0.8471048132963019
1.2325061470009766
1.0287667518758048
0.8765910584231631
0.7620674147248839
0.8746182042289629
0.7521972893983182
1.3727977046728648
0.6811602730801178
0.7638099253460252
1.2061627561129995
0.6581295233181405
0.7870038606659953
0.6984388252137927
0.729726934143525
1.110268963069276
1.2413040642538131
0.6445857563596666
1.255963862250557
0.7038153810376501
1.0292440956666173
2.8146523423727
1.4829793390406192
0.786132754943936
0.9889210484218255
0.7672849574843581
0.8770874051707502
0.8430164185601802
0.9927090781862272
0.6224769270166142
1.2056844261209645
1.1555569907698335
0.7392312948963166
0.9820119697044968
1.3025654599987542
0.7649561164683946
1.0110747181658628
0.9835879325049828
1.1223865753324438
0.9820876390386188
0.7737959645967825
0.7231560241192075
0.7568033992781066
0.8297971400185483
0.9594221973110504
1.066858737248979
0.9914812886425161
1.1854778401528432
2.576420781739301
2.385573872400028
1.3350485227001088
0.9817908680922749
1.5625312190900336
2.48260496089922
7.502290170873972
1.0530519958982472
0.8476606437197407
1.1168724608232519
0.7969434056490037
0.7675704704648246
1.3782785274393254
1.4811944308072664
1.1507585273646794
0.939091462106495
1.1710728026333614
0.9788318073365421
1.112321270451622
0.9399149724591239
1.3642622666343158
1.1009831720308423
1.3181923209713158
0.895949269944405
0.643441367067392
0.9764477803878725
1.4948507141021103
0.8503265230177357
1.0671106195301008
1.0669632316699444
0.6663729573785007
0.7736579176522295
0.6987409923491249
1.2274828833447755
1.6312565161681691
0.7702560638747736
0.8834280851844272
0.8869824850937497
1.0571849300383633
0.777434986128972
0.947472106506847
0.759036673161946
0.8380530682976806
0.7838974930311077
0.7786863197858396
0.8098184409901613
0.8392132622184326
1.039132410837768
0.7684773401625429
0.8231973225054415
0.9148040547242328
0.7689901813052709
0.9480838751127562
1.1566946605746478
2.1451325260587515
1.1761909220345748
0.8638580470291882
0.8980369543559958
0.9648664578541452
0.9064242549850529
0.6243616511657508
0.8191793262937977
0.8136187361380998
1.0621992809685823
1.078744946749131
0.5985964025894316
0.8198463463949217
0.7434598141631285
0.9089243595232986
0.7640009499522976
1.1793514705860868
0.9258996596296313
1.200947418121977
0.9752537549262207
0.8881195895923751
0.6703955377735565
0.9873728747203457
0.6719365880641901
0.9168213357225224
0.9649681428701015
0.7343555039665991
0.7344745447778714
0.9958305726257773
0.6283704838452641
1.1759961005510031
1.2144121180795326
0.8497580860731351
0.991738964851038
0.7878644722441981
0.7785327556753168
0.8149589381887377
0.7259824253509811
0.6359028340088859
0.618707521608605
0.8812552866245545
0.650467825400665
1.0584930925202571
1.0932702044233227
0.7953542838687135
0.7057096551263854
0.820670617929659
0.9782143794560049
1.2159929311260798
0.8528290599944722
0.5101806672837931
0.7387041291963814
0.716855539955365
0.6815882891556674
0.8565692838653731
1.2596067992775013
1.0781871618550853
1.0139463637952273
0.6902323370401788
0.6209160895469998
0.8435126577734396
0.820165479865178
0.817864861276887
0.7174547282768338
0.6132211887993175
0.6132211887993175
0.6132211887993175
0.6132211887993175
0.6132211887993175
0.6132211887993175
0.6132211887993175
0.6132211887993175
0.6132211887993175
0.6132211887993175
0.6132211887993175
1.0682831584176364
0.7216357971973852
0.8281465277614245
0.6496582105329742
0.7748502708690864
0.928203780565933
0.9338903914049469
0.8312188878366021
0.801667296415588
0.836638664338875
0.661154886760799
1.0194810207758151
0.6779890433968612
0.9574082546277173
0.8049457137040504
0.8285283267758448
0.5863682801565615
0.7505290107439201
0.8468989340052284
0.5725696870615019
1.0493174409859056
0.9163362482116563
0.7032958955326093
0.6512148829482036
0.5884215740199837
0.9100535650072822
0.6751378671017353
0.7485851955061007
0.8037761299129569
1.102495587543612
0.9974146216420741
0.8778150588682458
0.6672515676681169
0.6729534348309666
0.8456226844695555
0.8047850239528963
0.7260006101724139
0.8251031268078167
0.8273522503238908
0.7109097954821771
0.9662224020616292
0.7311969047859727
0.6382778133095975
0.709520350054818
0.6779721826670773
0.6037222690235674
0.8159596074620799
1.7210901117540096
0.979166987227325
0.9838898011083707
0.7702965807883012
0.770231547043426
0.7353622328258912
0.8211754819982231
0.6486472156732289
0.7684122087046812
0.9145856971999742
0.7911490860066298
1.0115745555102804
1.0514679340756392
0.9024202587038743
0.9845192166175221
0.9088352663574746
0.8940942930450815
0.9258550554086218
0.8912412323061775
0.9004577269138638
0.5710844796747786
0.5929320897341362
1.3333137155346024
0.9241554232161868
0.7345420114483333
0.6818507818378554
0.8961199416607937
0.7962640678993004
0.8515818527958299
0.6700669094845967
0.6793834131413008
0.5898689474357262
0.7257398699837666
0.7919913666431718
0.657935550017302
1.3638150909025837
0.844413661077344
0.8100262440446818
0.9269678226412286
0.7764920213805834
0.7580939867869327
0.6969115325070552
0.7137790234898743
0.9345687361129124
0.5912003058765063
0.8602828144092928
0.8098726169272692
0.889959235422369
0.9138563171483526
0.8464983128231802
0.9613788772178685
0.8475430827395501
1.052653444723584
0.7821685706567593
0.7022513944160321
0.8800961261857677
0.9662539197647768
0.6975164482411769
1.0966638281556536
0.9355046571023103
0.6817273333095563
0.9412205037379506
0.7113723490068313
0.7661451150597275
0.8191325080465369
0.8890954835546835
0.8842616015704859
1.2544392704952982
1.0410308722476982
0.9955691107530655
0.9007136878463694
0.7392226621107779
0.8331153059808286
0.9787068402811869
0.8653354645238747
0.8868353851296138
0.9770254774875348
0.9770254774875348
0.6069307670823668
0.8970603170923981
0.6806093373033969
0.8586540499935268
0.8541036455462279
0.7729216237643166
0.7126291197504502
1.1407854830191941
1.052150533533569
0.7228701438054187
0.840663893602523
1.2415016683974598
0.5335815076755634
0.9493052467076277
0.751693378221014
0.7331033118043078
1.5855514176932786
0.7927675033266367
0.8097034927111978
1.0859128045673199
0.7154753093794003
0.7153621209494325
0.8085992357988437
0.8902006181972926
1.377124599916167
0.8858634445056474
1.0988893606942287
0.8952972940073614
1.1919997882216324
0.7015804234013167
1.2056594607455469
0.821570420525264
1.0348501183250274
1.0003653914322577
0.9186385811703541
1.0512708337418553
0.8718580116972369
0.9073759423744476
0.8427840026953142
1.1910460200901358
0.8583589627737322
0.9032617608834214
0.7220021604577485
0.6560600021105926
1.1709508419983197
0.5660213050524735
0.9036524151791961
0.7731616391209787
0.7561595846440932
0.8318845065398627
0.8242162834694914
0.606107780550593
1.263902670259816
0.9564248235503813
0.7941957732581124
0.6625609380339024
0.6514780991801763
0.7836481713182323
0.6746095300886843
0.7046013509168795
0.9276683030452149
0.6470376567856797
0.8367749318967306
0.9888599257463818
1.00226791666362
0.7728635312031732
0.8544348970644335
1.101849359029913
1.1870526314203094
0.797120142674106
1.033981859071839
1.0539464625174253
0.7947505479911375
0.8138066147287782
0.6468554863375579
0.7349412348373082
1.012585839786534
0.8993494707603427
0.7271449092718857
0.9270338649017974
0.9177112499111179
1.4324194552466005
1.3656853597951828
0.8398089322639474
0.6541406476599718
0.6155664936026666
0.8747058998133266
0.7477453032374078
0.7846425587104189
0.9309016583810091
0.7677662201086504
0.574154884090738
0.6165366228867459
0.8744210812759315
0.7612706743400786
0.533751197332286
0.9113693675539353
0.9048490133611021
0.702006647808121
0.6499989156949514
1.1823214566265683
0.8986829871329526
1.258937101432013
0.6100674046759925
1.2515674593724073
0.5946024982206224
0.8288329170550768
1.4735458404706665
0.7415645544427606
0.7940450851155259
1.0543847702726625
0.8624575215380375
1.0356714180608595
1.0284578117451852
1.2680556817046635
1.1443777933560633
1.058192259187763
0.93089137417599
1.031460095995918
0.5901826023498542
0.8654438995902928
0.8871853583408623
0.9643989283396591
0.9067167072282621
1.06864452797226
0.8024714596424093
1.5998965031424301
0.7903804678091879
0.7999973964643251
0.8721913732427193
0.6691818632222446
0.7523260507973676
1.2768275530442117
0.7359522707280246
0.7098555366169177
0.924356371803641
0.6589508008294096
0.6644551968760651
1.396357984396466
0.8335562831149729
1.7168041473054436
0.6835718692539536
0.6835718692539536
1.5265877873472273
0.9373220594725881
0.6901498522618397
0.9499852896279751
0.9864166690675805
0.581780017980492
1.3806815139195847
0.8308822940710886
0.8559807164655402
0.6166014204622913
0.6797265040238141
1.3093974412332208
0.7284121761052182
1.396068162667716
0.7766967063849609
0.7786562081196085
0.7760160265922975
0.6364046353365279
0.6193866854089465
0.9562554005052104
0.9953441412042702
0.808745871745513
0.8226216614373821
0.6333262198742741
0.6205826249218929
0.7066719459672705
0.8098123836664171
0.7528627976695819
0.7471081946579061
0.8123151931384406
0.7235674440525409
0.7210008563168467
0.9216545633498564
1.005081566798297
0.8891650926291357
0.7826374588855639
1.518779461399804
0.9247468287224963
0.9494131126890307
0.9444541178136866
1.0498174989807656
0.7861917469271021
1.1481144159753163
0.5235447676531351
0.9778845885003941
0.7980315490109243
0.8765127112133063
1.1296065734967544
0.8285803121028389
1.0128901049288164
0.8170040838961019
0.8134494205631507
0.7702731336529601
0.7433636733303397
0.9873197942278323
1.4492334576658037
1.198516747889773
1.1289572941601689
0.9784134668466502
0.7420593994844261
1.0980745715488773
1.1328484471235016
1.0123485627509003
1.2049401819646233
1.1437721060747224
1.1379734984601715
0.7378700601451476
1.018317131057923
0.8799930004169166
0.944449983221257
0.9868888928342562
0.7694638801418794
0.6173923021660284
0.993882214010393
0.513557513422738
0.8710668326848627
0.9215053022843629
0.608687816319567
1.0606280145824145
0.8000187384756857
0.6787617860423287
0.6662595352990929
0.8453747378919237
0.8906940904382928
0.8058925728247454
1.0508396572536998
0.5721255332748874
1.175065647025994
0.7381110817529553
1.2260080294847142
0.7420323297697192
1.4550966542725032
0.7019798664812464
1.8120652769117787
1.1635716961443763
0.9065563158998152
0.8671991770473095
1.0979646421309883
1.0797758617850608
0.7800283361472076
1.2179088437495653
1.7082185900430722
1.3996360436124653
0.9703288007801335
0.7396861284754653
0.8428632746233564
0.833385102371184
0.9556346882527683
0.9901037422301922
0.7969373832293434
0.9661390001124934
0.7556803869093753
1.1680816051819478
0.7848835267963569
0.8134399750396691
1.024436711312633
0.5875002995339755
0.722544684244198
0.8660920881832749
1.1317165805041676
0.7689563690477222
0.768942224340115
1.302255166691461
0.956190921209608
0.7442772358351473
0.8060345315432951
0.7061409790701362
1.023960300483029
1.0013971051334132
0.7867141174078149
0.8340699442631337
0.9912436437236709
0.8539205447446864
1.075533117677323
0.9374265464557904
0.7564519988822962
0.7584333213858566
0.7652148279686762
0.6918354185734424
0.7748100793547389
0.9863960837837586
0.8682560070289871
0.7669436147728856
0.9482911165046921
0.9481920760336684
1.101813644243307
0.8992275649630297
0.761956558126369
0.9374265464557904
1.2188473058553153
0.6399200102244289
1.1573482654652456
0.8953551433242848
1.1241738005700428
0.9795966998446853
0.8414225594900753
0.9286697394177429
0.6989082371078249
0.8947018521904571
0.8756627200196863
0.9210881947663698
1.01969567887329
1.4109279203228209
0.632887959274485
0.8012422970858413
1.0537104368375203
0.6676922071474137
0.8186464118065525
0.7827905703680551
0.708741022403379
0.724653766576702
0.9372486771868469
1.2508494911876753
0.6192253357005257
0.6432841966163406
1.0301339180117368
0.9343593020191028
1.465190159929639
0.8090850340482222
0.7617838794953417
0.6409263060356571
1.042380234955644
0.6612511924593255
1.1175600708724693
1.0455033960103106
0.9341150842259468
0.8326225073353157
1.1257015790658371
1.077859689613982
0.8769639693629604
1.0351562919441517
0.7189699732476524
0.7470651345162994
0.9310668760251968
1.2828417460994714
0.7297843710151526
0.8696212378038685
0.6904986906336252
0.8506061753565791
0.8347657476819867
0.941129094826102
0.7969799880048992
0.8277994934420162
1.0675123745977027
0.8096426070412542
0.7882450320932626
0.7137919734519144
0.8149895592665445
0.753762046650063
0.8724864068383943
1.1376742409517149
1.0950166341162029
0.9592534456697547
1.151160802247444
1.1630101327087858
1.1835320799594926
0.8082158644604088
1.1116872277974927
0.8546429401291188
0.7544138520682951
1.368296207206513
0.7544606422644837
0.6990400599456
0.708394518785328
1.1387947036888169
0.789263029445842
0.5488907266289936
0.6734275892601583
0.745694122955382
0.745694122955382
0.6789445147083943
0.5980767456587096
0.8948122039233575
0.9005559779863532
0.8038325697429112
0.690028820069708
0.7022274258146187
0.9281448034707234
0.9489153671195508
0.8079318299373403
0.6021248522121165
0.6018080025747696
0.7011405765866369
1.543817703836397
1.2876818019409417
0.7464468390328776
0.9465079358759386
1.2098897711905323
0.8963492722224972
0.6123162051127157
0.5923651821530017
0.5923249285995226
0.9305462191138336
0.9437939467214662
0.6748887954382099
0.7743304269382381
0.9568885610570065
1.0819872055265276
0.9265555532176374
1.0701292116098995
1.3164502440562103
1.0103972870125013
0.8426658431986133
0.8925751105495955
0.8501647036776528
0.7788061733537035
1.184445268973991
0.6994580427390534
0.6041057624730091
0.603967788601429
0.832240461318386
0.8961742329193249
0.9929490405538233
0.8513366528216624
0.7278916098156522
0.74852503238201
0.840324251317312
0.6813519337167762
0.6549499348826328
0.769340805145423
0.7904831925555998
0.7342647330349052
0.7431657791062908
0.9298994695179146
0.6952135369861029
0.9802214215399098
1.0234303538556846
0.9632261379091659
0.9331382281613066
0.9329211860651713
0.7031506911257059
0.7494676361045709
0.8789098999131458
1.0270531350368761
1.10667472901585
0.9915433660961429
1.3854860320821363
0.8535698269250032
1.1041884120075434
0.7398856631110506
0.9493300131075671
0.6826566645319775
1.6376642782855335
0.8066834759418625
1.3185495750843326
1.1528881189920754
0.7991971515977946
0.9663281476448444
0.8576466704094441
0.9578994948086638
1.094056830995336
0.9619268146589489
0.9619268146589489
0.9619268146589489
1.916969983170727
1.3167504095343023
2.489858022115392
2.489858022115392
1.9356276788612152
0.7992137916189044
0.7018595594137456
0.7534086233143934
0.803683296075144
1.0809498791151286
1.0959456214872663
1.0541255075560905
1.0656800307305998
0.7105439019650232
0.848503552064712
0.6509753363360672
0.7974688065173737
0.7824270902225267
0.9160786207762107
0.79854569739038
1.1902916900504346
0.7238602435311748
0.7844255965408758
0.7523969210262235
0.6148828032613096
0.6229265383510639
0.7874803338686529
1.117320196390745
0.8371342172987133
1.1888528179264373
1.2017440505948382
1.2016119726539112
1.1975135862930146
0.8362576906322624
0.9700104954207277
0.9561637823752277
1.0982054474124852
0.9760237939768583
0.6276843032528852
1.4390885793071815
0.7968008156102794
0.7994632806911726
0.7805804086446867
1.161940792185469
1.2106823056272327
0.8020715942013967
0.8905629771818303
0.9782293176775798
0.8096935501793087
1.050299628279593
0.8090531312289924
0.649874904850782
1.131221648709952
0.8873905748696984
0.5933021439470787
0.6005777955835052
1.339387644610874
1.0558241306728744
1.0802278777008796
1.4634556754392387
0.9983362763250793
0.9378821175433854
1.1817508416481697
1.1072213724827142
0.845026450015844
0.9314385186968713
1.5812778698251764
0.8522795218508186
0.9166118220882872
0.9394152017152908
0.9464695800754084
0.8724346580585676
0.746752304456974
1.1022591179999022
0.8372526744703164
0.8948049364570769
0.7859504229304018
0.6671696948021849
0.7451305771799032
0.6740042789270843
1.2240129909277735
0.7673057441821495
0.8658721068962342
1.1533440478373913
1.4087320499604834
1.7454969288830708
1.1382145724387969
1.2976127925946284
1.0291029526788669
0.8649684986920364
0.7002323669674755
0.8194611407092613
0.6779814700808962
0.8298997602436557
0.8293371579583216
0.5517513771099636
0.7572573261870628
0.7686537171998166
0.7923350230599365
0.7819192253734668
1.222672260557173
1.1790487852594924
0.7207781792251977
0.7013978740575736
0.7890687470588849
1.009772837094558
0.7801786608934257
0.7015568824609996
0.782321647286558
0.8053000223021434
0.7861886860356615
1.4668515889981213
0.8892443341858279
1.465154894299477
1.0923079408441558
0.9927091689153257
1.1296044283218851
1.308389260712941
0.8503707360500735
0.7881585791866
0.8477635835389925
0.9874322127705246
1.249585685254752
1.1454224731212863
1.0311384250982634
0.8430531111674395
0.8177202788266946
1.1098418320583996
0.6717687784082779
0.9546358065475552
0.611051056294209
0.7018908785836215
0.7690833637131043
0.9445697581539985
0.6002637015259947
1.0535482761323183
0.668658322157261
0.6058177127661335
0.8681352732173181
0.7161108701376094
0.7878469486063974
1.7045347724433162
3.0886240543456287
0.8785014407477539
2.727531684925431
1.0930959802162117
1.5824785075243657
1.7165709427331763
1.8076061687196452
0.8819234605217358
0.9289800742378556
0.9316938983118342
0.9471646825609882
1.0303049586137807
0.9123390814380664
0.936372142458808
0.6468430718916607
0.9028292452069957
1.0974095187548274
0.9448488597831368
1.3421716432653445
0.8271728658859046
0.8150989890671051
0.7856183855788021
1.100624991203951
0.8678607646112886
0.7233514158076706
0.8198041460498305
0.7264213227023454
1.0210640866290868
0.6026386559723912
0.6732847857882575
1.1576129718812567
0.6739723752635662
0.7324124658459351
0.6804755201686559
1.0865044747297603
0.9811795158744805
1.2155189446989052
0.6601301487710564
0.6776717919501613
1.1050853233568578
1.056615950510523
1.0964145282528783
0.7400936351337903
0.8268718227893018
0.8682990030791499
1.1503968643163478
0.786515439279619
0.775203359674022
0.8129991244856358
0.9167330434509173
0.8561524653314174
1.205167723178118
0.9997072457595729
1.0438301925738647
1.6062988384333148
0.9623704029842327
0.918624098827358
0.8295152171481444
0.5659398264979015
0.914547891615222
0.6863976015294814
0.7116105690391762
0.8125207476579246
0.743722677017491
1.0611873412202473
0.7959574183648477
0.9750178118067864
1.0529658083078761
1.3017111076016021
1.037410049699668
0.7032383382969586
0.7576092287275776
1.0812839703002077
1.1191405510241232
0.9770456814415484
1.313861905309922
0.9311262348480802
0.6409295602827947
0.9129779430037492
0.8413708545006773
0.9753663704573678
0.655384660185067
0.8445261568327045
1.1146124688572023
0.9863430099394614
0.8655525768144022
0.9658694668404095
0.6932474097006552
0.8580151432721942
1.424479000349513
0.9253030776921549
0.7426609127106691
1.1596207165735033
0.8008880617521754
0.741317928437056
0.7944409396991367
0.799324441836465
0.8976155864109441
1.1189983130742116
0.9259169963955661
0.8716230734797491
1.1933780888762646
0.9561132069448008
1.027056021039377
1.1312646235520714
0.8220688484285879
0.8220688484285879
0.9734727080554858
1.308463339629865
0.898531834787654
0.6797836202830824
0.622737038915158
1.0580544537903576
0.9629373103288726
0.911623174963616
0.7959654963283478
1.0500440751932567
0.8571476741395496
1.0937914062063674
1.2154377509853889
1.0612369598733904
0.6487680408824837
1.1002998095336332
0.7729493669791457
1.2887490052489747
0.7989566537099758
1.0121246980079586
1.2681738147104387
0.8435088952106111
1.1157420287703015
0.6013619941198124
0.9826542212891902
0.940975263313102
0.6923858138357277
0.7521331446132193
0.7520000655788142
0.6225426576450094
0.7394836300239649
1.0525800612757463
0.9494281088479845
0.9652595749041453
0.7330727325676086
0.8784240603568786
1.0318831536650475
0.9038450784198367
0.7784270204938414
0.8719998979962889
1.4721210788503627
0.8164115824236596
0.8791875267516963
0.9460570658208487
0.9910078553216709
0.7242700843834127
0.7806954700969684
0.763003975694451
1.2290865623615341
0.9195192996392222
0.8282669651545621
0.7961581322428357
0.8145679078045924
0.7544401787527751
0.6751126800044819
1.076729119355883
0.6500987347076813
0.9929137171571436
0.9663281476448444
1.1421332737296073
0.7687509318811806
1.1093253565340278
0.8851256746835667
0.6264595035717256
0.7974952467467826
0.6766625985608324
0.7984503921098092
0.7079065096252729
0.8489109354686987
0.787344894382617
0.9024134689570521
1.3000718051811213
1.2406895495065577
0.8687425703332519
0.6524043080387462
1.2356050124123081
0.624313315335787
1.3713011692126291
0.9568412478267042
0.7048166417511955
0.8961118396867267
0.8560378899323434
0.5473564909336724
0.8962377438298543
1.0991665372338444
0.66804054868048
0.8909299955068161
1.40280562192696
0.9732967758162969
0.9428797649454682
0.9386512486695581
0.7831093184911174
1.6786606124329937
0.7223670326640041
1.1412116989763443
1.0250314273112542
0.9618038701511907
1.010781591896793
1.0839870738139472
1.0038440612093447
1.059249862447154
0.9110260517852571
0.6876843824445271
0.9656395871506356
1.3353475540860988
1.3817873767099087
0.6893732102061614
0.9879734065856653
0.7691081568082373
0.6833263084464098
0.8577884877184365
0.6298603294674818
0.9160023538913596
0.9997349263263046
1.190831801215299
0.9259179976877987
0.7625568678829134
0.995187689422038
0.7142544479824482
1.0707286119144637
1.100750696939824
1.2221675859071353
0.9525133612399949
0.6263828969380799
0.6846187146915418
0.7531930520229311
1.0086670051898097
0.7416894432210224
1.0319196949729217
0.9978208808964308
1.140974288134435
0.7850785343173285
0.7810692216797704
0.9102800006472699
0.7082713909645257
0.9843756460213413
0.6948555545082962
1.0681004537357044
0.6679322491747601
0.742414030167159
0.689243010639057
1.1041138951111156
1.3394176339873107
0.673209754193247
0.8939417572706133
0.6455533484162909
0.954990256922984
0.6666284653340322
1.0388334760664886
1.0681047300006168
1.0036654546596622
0.6994894765437683
0.6567257148461267
0.6389866157496367
0.560505133384999
0.8302197152590504
0.6568682448249569
0.790147181489532
1.0132192268711642
1.4751041628780035
1.0413487756417128
0.762758741309486
1.0329265769063787
0.847732750311657
0.6608750936577203
0.8446497368386422
1.3574673514306956
1.1838789252007993
1.1885134721239055
1.0800493412900838
0.5876592993217815
0.7299496937348802
0.7299496937348802
0.8272643268369707
0.6077052690970328
0.7098049374371168
1.1508377300377608
0.748518041723503
0.7784620285038646
0.938825026103492
0.7239249626955527
1.0786814736842811
0.7059004604236258
0.7788776739337085
0.7788776739337085
0.9258414806268825
0.9877207255499876
0.5687833376439836
0.9381773923064232
0.8167811464141809
0.9762168926494302
0.758725447589495
0.7585460826398125
0.5220159177438217
0.7477600323023353
1.1384441961451517
0.8706140148520218
0.7361928629349169
0.8775074425756911
1.0909049995869973
1.0560023659015585
0.6646431541699501
1.25422983498772
0.7751688433761783
1.0116574660399136
0.9483016617912327
1.0637397964244903
0.8225756515706503
0.9348850786886533
0.9348702816523352
0.8641631712979236
0.9122387042401062
0.8571942915192788
0.6538655394090923
1.0439117798172388
0.5387349178911119
0.5471903653344348
0.7748366117168528
1.0198775768919222
0.7520792317233287
0.7637685793944143
0.7599218796303702
0.7641557715674938
0.7374293978176837
0.6557587224452556
0.8281843360277994
0.7036006442031018
0.8133298636126255
1.4416980498710725
0.5588753289556992
0.7435634040606807
1.2254339233865479
0.854148839823277
1.1863733040294533
0.984579252959687
0.9336628244237215
1.1221857349987798
0.7314757217903676
0.9342481304307725
0.7656639634415039
1.1728720170517524
0.8132064413402096
0.7619164406039935
1.3688892529963725
1.168832076362238
2.1173357622787536
0.9370535272081619
1.027003403494259
0.7323340154205265
0.6101597235597976
0.9996815033062347
0.7289810947630742
0.7216940362918673
0.7705302703793262
1.1012441854955324
0.9570353680951315
0.9645755775479381
1.409486246956781
0.8234959906731996
0.754414544505136
1.1022311804992744
0.7822089565052206
0.6852355975581721
1.3508207297219317
1.5945148367334738
0.8687441247976216
0.8991967143447261
0.8939409935590062
0.9167599337744743
1.381359281787393
1.0509287092407484
1.1852295154625052
1.2613727990256764
1.180133585823687
1.3724690929524943
1.3568162650086943
1.0642041791765375
1.8996954834546258
1.3843360988862101
0.7677524140142129
0.7269421847415978
0.9565084973421901
0.6554781471472747
1.0759319090185535
0.8933796018396755
0.8442803759707435
0.7589276808276983
1.3036347602436187
0.9118407427378341
1.4289979394063674
0.8591508379470141
1.121691987795
0.8880252861717276
0.8690581252536745
0.8438464835444612
0.9888712655599974
1.3123872710036513
1.0688727850358237
1.2962376004258696
0.7652968558878981
1.1665883963287536
0.9459471018746886
1.2523319901027428
0.8520508759034491
0.7581896510568392
0.6711312283488459
0.9544511422169645
0.7137721313688962
1.0273821390904516
0.7817863381267429
1.0966535378318218
1.2214033337563037
0.7904225240365107
0.9378122008567268
1.1047816143845124
1.0604070574939435
0.9036167376358607
1.1065893793700423
0.8103416919898073
0.9750685484631639
0.6099871194559311
0.6841549373843309
1.0790912267010238
1.2020508379931338
1.0800231640391522
1.0754649267607372
1.0448660580298974
1.0242145910310274
0.9354251580825456
1.353834768355822
1.1455359151261086
1.4277584001224848
1.4304841242134096
1.0787069278387986
1.0867720880228298
0.9091994216731992
0.9098386774220509
1.2464713449587372
1.0203641140776671
0.7359506171055638
1.0681492643426755
0.7084154875835306
1.0374263345709693
0.7802330587004668
0.9121333394453894
0.8008375192311772
0.6509063390923481
0.7943027841910071
0.5529686662934774
0.6207168252861835
0.7856529348057635
1.1562501577694344
1.076769739483699
0.6459651269094907
0.7982398516795851
0.8568386567476365
0.8343066600467883
0.8575249331150873
0.9704277066578867
1.3049543808721569
0.8346970969700112
0.9296459613020066
1.0524178176993273
0.624099592651058
0.8792413696346436
0.7777920528175768
0.9479400026227224
0.8075516520062781
1.1596594745853093
0.9836089432727043
0.6406157740679072
0.7996486034881761
0.6004965269632151
0.5733023486346984
0.6003166666592384
0.716098974605933
0.6505956703494199
1.2240336623003272
0.6951364366003969
0.7003947161666286
0.6338891375253963
1.1715159722859338
1.0967577522312562
0.6852198625966072
0.6997138768866225
0.7709897032907354
1.1146703059314618
0.6960485486034803
0.572885617353818
0.7698530885637955
0.7352071790936232
0.8263191324686047
0.937580684689879
1.0368999219237578
1.1451121590890383
0.7327151305115039
1.0609266050465396
1.2801375292391488
0.6282585429376469
0.6330461628860073
0.7562518464494545
1.0162154438416255
0.5883311686270967
0.7466931543620104
0.7259076657857557
0.8009301776625137
1.057887921251073
1.1066908121154622
0.9615824895603159
1.2385932561694635
0.5643075821319048
0.6356179255607354
0.7642459202392775
0.8243896932717807
1.1503931943827674
0.9832185157487232
0.8309532022017946
1.050826346618885
0.8506475546608397
1.1457232801377186
0.6971021109040867
1.061462763307182
0.7047734071115569
0.7379693922318041
0.6919196274618716
0.8511679870058497
0.8133991260510234
0.5651260715165801
0.8164490388814367
0.9665885628757898
1.1957654120991976
0.9864448063559713
1.1190676602833902
0.7965377841876481
0.8700987626496529
0.6848382189329717
0.6916750870957382
0.9348963327358454
0.7570747759617408
0.8737822815157398
0.946065787832785
0.805965098051113
0.6401421926337308
0.8117327026845137
1.192075836027917
0.9223374204005664
1.0053440467698993
0.6493376233298449
0.8320510305839991
1.1154247264312676
0.8313445611335907
0.8321256080694636
1.1233662185383042
1.792808984553753
0.9926227063169587
0.8850297869628269
0.747771371464193
0.9056617625830278
0.915684141301313
1.7555308849188296
0.7894420711194301
1.120647518977579
0.8316853976536024
0.709814806474017
0.7656544967768824
0.7977992788015732
0.8362671238302561
0.5662791251863172
0.8862250911560836
0.7168986182761335
0.8806792953585572
0.8825961254416282
1.111320371314226
0.8884329185881367
1.2578336652152686
0.8029987427565737
1.3842229400637456
0.7366080638093929
0.7260944482197113
0.7873624549282757
0.6623710394398522
0.8946742910570327
1.094550252009946
0.8920244176291238
0.8888350996320723
0.9376242415133754
0.9297221764432416
0.9646126989823364
0.9778354139178258
0.5856267484136761
0.9871127697199605
0.9833248828252488
0.7962884938485733
0.755787623387419
0.6670249804055068
0.7825243757371506
0.7138039510500068
0.7137629366711742
0.7025104885468699
0.8426410284328294
0.8566841381683733
0.6423908770635733
0.6938463358360478
0.7338776285889953
0.6565523350239074
1.1248653648071028
0.8025627648583076
0.9001851378824703
1.2704223104943324
0.7069563475935754
1.1905336193868437
0.7121723702109313
0.7119946849438529
0.7954926861111793
0.6160128352698685
1.3075570677937471
1.1879313858080032
1.3377166480473996
0.88451566829122
0.8242931867450611
0.7124915629114964
0.691786770897927
0.8785346336798648
1.0205927794955145
1.2097828560142485
0.6852342219465389
0.6882103565174961
1.1590042835355148
0.824308207500128
0.687407225941042
0.8423567678551448
0.8381285476439644
0.8080282642492507
0.7583069424340744
0.6542741918429372
0.7546095229026022
1.1256707619974833
0.8340775457908535
0.8658226648809685
0.6546352380541992
0.9638837610290691
0.7395300504531501
0.6316665395360745
0.6907994281972981
0.9540540594031877
1.2756830880482506
0.6715754741169989
1.532787003977683
0.8718477173519298
1.175764678833373
0.7110630205489576
1.0215238285823034
0.7664580187052099
0.7119572376757451
0.8668640422569281
0.7266904601874434
1.2064225074075403
0.6002080049230356
0.6015132007035808
0.576099255392336
1.3391003799648131
0.8909714479279781
1.3785040221926357
0.7826918490860535
0.7826918490860535
0.760791866192561
0.8102018402464578
0.9664770711082895
0.6637866522944309
0.845122631560358
1.0138741908971372
0.9718453106396812
0.9185396574565011
0.9208979866988848
0.6139039595587107
1.1258842693866915
0.7756615924442556
0.8373576357787332
0.8194475497663514
1.0608832760308047
1.163904602584964
0.6298011010897171
0.9033857739017654
1.3835497313948266
0.8148104924853401
0.5564739126331176
0.5686660819119261
1.2230067839194327
0.5715826920891534
0.8153919548802254
0.959012489748891
0.8058102570310841
0.6690283569313783
0.7677435390236702
0.6578864866051927
1.3761316924393447
0.687438591628584
0.7104720531754904
1.339922967951827
0.7844003855922296
0.5919335365300716
0.6917079949776704
0.7973596901634605
0.7424054305160347
0.692007259786679
0.8939652400505944
0.8132750297929863
0.8450992062354044
0.7301325993600194
0.7656441239009327
0.7417153481359167
0.6576398743291432
0.7279559720962906
0.7090790679077409
0.9213817208416775
0.8520976455555086
0.9226895402442619
0.7426917264159247
0.668935973404327
0.7685208937680061
0.9684981693394799
0.9854359199796183
0.8032422556527374
1.1015735504173754
0.7641915205683804
1.096782997957063
0.6102910918641247
0.7958024664991236
0.7258372436904243
0.9048687646133113
1.4363926831741736
0.8902225220848208
1.0626602223850719
1.0678566709516115
0.63589321933127
1.285558859921827
0.8348260384231165
1.3292692599434301
0.8722789942334447
1.0432136036875488
0.7532188032545192
1.075339836228518
0.9407758367829486
0.7716244761508639
1.4736220443599855
0.9460531879384585
0.6794041084396741
0.6689545370156302
1.6928275546489033
1.6928275546489033
1.6928275546489033
1.6928275546489033
1.0005522302195349
0.9994451650987287
0.7887810698724416
0.7420377837887391
0.6794389716619468
0.8243605111447906
0.8475039546057634
0.8998260578350654
0.8337797994143726
0.833023105512332
0.9208783843413096
1.0203356270585813
1.1606509253891664
1.183073345092317
0.7933045910040303
0.720593312803887
0.7194574864280308
0.907738941955188
0.8632243192811273
0.8170308039451232
0.8442328854441032
0.8344405666164069
0.6544462690039206
1.2073429699282543
0.9003130693566531
0.855810822239304
1.2998738390200684
1.633796766864324
0.825594570773376
1.3605546813269354
0.8293347486318079
1.0010201926477815
1.0002006051722026
1.0002006051722026
1.038590388588636
1.1370023496335062
0.8293029822766854
0.9123401597041425
0.7222786247171761
1.0014601468257547
0.5693988418205568
0.5230182798367129
0.8240516074091714
0.748613805825291
0.7127156854558818
0.9748454697026727
0.7590579646512299
0.7529074848928924
0.8524382877154786
0.9435012371947749
1.369795262319702
1.094056830995336
1.2415278039389828
0.8096885032970218
0.6627665618949323
0.6627665618949323
0.8878049904744663
0.890462353053049
0.850669602692011
0.9047908842744713
0.922887636221115
0.8983393867631291
1.9463271972947374
1.585079578851403
0.6417488661782229
0.8922370647246313
0.9660906224156327
0.9890000104250244
0.8409726100292695
1.0444578858395144
0.6743987927126549
0.9144266403302072
0.762230530055112
0.8017774377710566
0.9659138361757256
0.9631449888033781
1.4888725692163076
1.1264841919320627
0.8138945909805649
0.8709985006657812
0.8481439590254101
0.8813591167008985
1.0680688954618076
0.8114301703647825
0.6724127753008614
0.764391783845999
0.5044081138857051
0.6467656531067661
0.6570468903365287
0.8922122492130782
0.579466093938148
1.1553771721635215
0.8137475726552722
1.1942882192001785
0.8753567322731203
1.1276156902004306
0.8040248933239229
0.9344121812659828
0.8619680655143563
1.109982428087611
0.8542885988141253
0.6841679368796216
0.831705715669038
0.6115479985844217
0.7592237653006815
1.1587749515255832
0.9235368073081559
1.3531917523237365
0.7822680147039816
0.7990960984021704
0.7698439969513774
1.0294231896963837
0.7438712796748588
0.9130480832710942
0.7832177885695097
0.7830493674260169
0.894604359777518
0.8081778559848906
1.2739133273981444
0.9233611416509043
0.795749229402482
0.5262923796959552
0.5262923796959552
0.9559654596853762
1.105833490367745
0.7317427694542599
1.0772440911945882
0.9944670726595166
0.6932966139588206
0.654513224479296
1.0829863163082947
1.1430329366300567
1.0289541023336715
0.7548564361768607
0.9956257398213212
0.6947159789741181
0.745423454667389
0.8009475392812262
0.6144918543901322
0.8317052926730694
0.7404970078565247
0.8966263742890772
0.6726934789116638
0.601644419445976
0.7476238406288587
0.6501538473613332
0.952326115152155
1.0738069343126018
1.5892413897947488
1.7165709427331763
7.502290170873972
1.8960991549886141
2.1565233150271563
1.4204728933222004
7.502290170873972
1.0597354825646983
0.838310371356828
0.7020299156418139
0.9588796076670986
0.9688324980598667
0.6392391370257535
0.8200708047075626
0.6683272866232483
0.9384933839398047
0.8898902019225231
0.7983766414389157
0.641356578471975
0.7703348722477164
0.7837007778613057
0.7146750527585928
0.7575823180112021
1.2026467961076275
0.8705083027872347
1.0490908480372296
0.7603706855857135
0.6978808891611775
0.819649197803243
0.819519089445452
1.057435689166828
0.6289270573255915
0.6286844513166849
0.7355099127750835
0.9790008204257261
0.9057364754058966
0.8228234928054476
0.7692579255233349
1.2109975433348907
0.8885954663966614
0.8355376672522369
1.0063034436241787
0.8714584683287891
1.1100869338639319
0.982700330309978
0.9914475465731054
0.6245557546574153
0.7216256526722897
0.8290891192174074
0.892240541698898
0.8080567340285294
0.9045621505671015
0.8898264387826725
0.7283179861531783
0.802181434765011
0.6511560719026599
0.7211394152678295
0.8618702781764874
0.7797066626090753
1.1980649749174135
0.6854991769394778
0.9597333118012694
0.7425620743842687
0.9552176891852093
0.8663621941456218
0.7918181634472682
0.7114359723733892
0.7456761141327493
0.6645610193597169
0.968069128222438
1.111488628768249
1.0257735167582338
1.0908056661130812
0.982506676668303
0.8884412391248416
0.7478039125850605
0.7478423940945078
0.7846486255090473
1.2921221686468507
0.7164427242400524
1.1624310439882746
0.7955172187279016
0.9819772831862044
0.8150399446160518
0.8962034119056193
1.1279398954343718
0.7031839178372657
0.9675232086590547
0.6297289695008428
0.9549430111519055
0.7263720905214374
0.5976383548402534
0.5445183971021638
1.187768785757206
0.9198608864690888
1.062616532901238
0.9303911776526415
1.3018723122799407
0.8432332597668852
0.9623698001280548
1.1191297440376902
1.0333950477545502
1.0029263024995076
0.9337086564656746
0.8715627909468681
0.9012865376720759
1.0080459295880817
0.8794161158523244
0.8305026558159669
0.7781926200276371
0.9070067733294155
0.6737941605032265
1.2411796859309876
0.8822540894953069
0.8822540894953069
0.6840358436242545
0.6085011749582537
1.063987567509324
0.9514456616275456
1.0781802825804219
0.8088046937271787
0.6696430905062986
0.7835984317840805
1.1724675331901209
1.1065324717037424
1.1324575622014335
1.0408910314049635
2.2895331592304164
0.7796287919565473
0.7290072666128503
1.7756500112167426
1.7135363922101983
0.6920317320797246
1.3712483163920064
